2436 2460 2460 2460 2457 2546 2556 2553 2472 2440 2432 2432 2432 2432 2432 2432 2432 2432 2432 2432 2432 2432 2432 2432 2432 2432 2432 2432 2432 2432 2432 2432
2456 2090 2286 2382 2476 2572 2670 2572 2378 2472 2460 2440 2432 2432 2432 2432 2432 2432 2432 2432 2432 2432 2432 2432 2432 2432 2432 2432 2432 2432 2432 2432
2456 2089 2070 2084 2370 2372 2282 2370 2339 2356 2372 2448 2432 2432 2432 2432 2432 2432 2432 2432 2432 2432 2432 2432 2432 2432 2432 2432 2432 2432 2432 2432
2434 2468 2088 2086 2376 2374 2272 2376 2364 2364 2374 2448 2432 2432 2432 2432 2432 2432 2432 2432 2432 2432 2432 2432 2432 2432 2432 2432 2432 2432 2432 2432
2432 2434 2452 2452 2452 2468 2272 2466 2452 2452 2452 2433 2432 2432 2432 2432 2432 2432 2432 2432 2432 2432 2432 2432 2432 2432 2432 2432 2432 2432 2432 2432
2432 2432 2432 2432 2432 2456 2284 2448 2432 2432 2432 2432 2432 2432 2432 2432 2432 2432 2432 2432 2432 2432 2432 2432 2432 2432 2432 2432 2432 2432 2432 2432
2432 2432 2432 2432 2432 2434 2452 2433 2432 2432 2432 2432 2432 2432 2432 2432 2432 2432 2432 2432 2432 2432 2432 2432 2432 2432 2432 2432 2432 2432 2432 2432
2432 2432 2432 2432 2432 2432 2432 2432 2432 2432 2432 2432 2432 2432 2432 2432 2432 2432 2432 2432 2432 2432 2432 2432 2432 2432 2432 2432 2432 2432 2432 2432
2432 2432 2432 2432 2432 2432 2432 2432 2432 2432 2432 2432 2432 2432 2432 2432 2432 2432 2432 2432 2432 2432 2432 2432 2432 2432 2432 2432 2432 2432 2432 2432
2432 2432 2432 2432 2432 2432 2432 2432 2432 2432 2432 2432 2432 2432 2432 2432 2432 2432 2432 2432 2432 2432 2432 2432 2432 2432 2432 2432 2432 2432 2432 2432
2432 2432 2432 2432 2432 2432 2432 2432 2432 2432 2432 2432 2432 2432 2432 2432 2432 2432 2432 2432 2432 2432 2432 2432 2432 2432 2432 2432 2432 2432 2432 2432
2432 2432 2432 2432 2432 2432 2432 2432 2432 2432 2432 2432 2432 2432 2432 2432 2432 2432 2432 2432 2432 2432 2432 2432 2432 2432 2432 2432 2432 2432 2432 2432
2432 2432 2432 2432 2432 2432 2432 2432 2432 2432 2432 2432 2432 2432 2432 2432 2432 2432 2432 2432 2432 2432 2432 2432 2432 2432 2432 2432 2432 2432 2432 2432
2432 2432 2432 2432 2432 2432 2432 2432 2432 2432 2432 2432 2432 2432 2432 2432 2432 2432 2432 2432 2432 2432 2432 2432 2432 2432 2432 2432 2432 2432 2432 2432
2432 2432 2432 2432 2432 2432 2432 2432 2432 2432 2432 2432 2432 2432 2432 2432 2432 2432 2432 2432 2432 2432 2432 2432 2432 2432 2432 2432 2432 2432 2432 2432
2432 2432 2432 2432 2432 2432 2432 2432 2432 2432 2432 2432 2432 2432 2432 2432 2432 2432 2432 2432 2432 2432 2432 2432 2432 2432 2432 2432 2432 2432 2432 2432
2432 2432 2432 2432 2432 2432 2432 2432 2432 2432 2432 2432 2432 2432 2432 2432 2432 2432 2432 2432 2432 2432 2432 2432 2432 2432 2432 2432 2432 2432 2432 2432
2432 2432 2432 2432 2432 2432 2432 2432 2432 2432 2432 2432 2432 2432 2432 2432 2432 2432 2432 2432 2432 2432 2432 2432 2432 2432 2432 2432 2432 2432 2432 2432
2432 2432 2432 2432 2432 2432 2432 2432 2432 2432 2432 2432 2432 2432 2432 2432 2432 2432 2432 2432 2432 2432 2432 2432 2432 2432 2432 2432 2432 2432 2432 2432
2432 2432 2432 2432 2432 2432 2432 2432 2432 2432 2432 2432 2432 2432 2432 2432 2432 2432 2432 2432 2432 2432 2432 2432 2432 2432 2432 2432 2432 2432 2432 2432
2432 2432 2432 2432 2432 2432 2432 2432 2432 2432 2432 2432 2432 2432 2432 2432 2432 2432 2432 2432 2432 2432 2432 2432 2432 2432 2432 2432 2432 2432 2432 2432